# 1 minute of cache-living data
CACHE_EXPIRATION=60000

# 102 = Science and Technology
CATEGORIES=102

LAT=-34.578175
LON=-58.426516
RADIUS=10mi
TOKEN=1234567890
